1 / 20: [ 3, 6, 0, 0, 0 ], [ 0, 1, 0, 0 ]
2 / 20: [ 3, 6, 0, 0, 0 ], [ 0, 2, 0, 0 ]
3 / 20: [ 3, 6, 0, 0, 0 ], [ 0, 3, 0, 0 ]
4 / 20: [ 3, 1, 0, 0, 0 ], [ 0, 3, 0, 0 ]
5 / 20: [ 3, 1, 0, 0, 0 ], [ 0, 3, 0, 0 ]
6 / 20: [ 3, 6, 0, 0, 0 ], [ 0, 4, 0, 0 ]
7 / 20: [ 3, 2, 0, 0, 0 ], [ 0, 4, 0, 0 ]
8 / 20: [ 3, 6, 0, 0, 0 ], [ 0, 5, 0, 0 ]
9 / 20: [ 3, 4, 0, 0, 0 ], [ 0, 5, 0, 0 ]
10 / 20: [ 3, 4, 0, 0, 0 ], [ 0, 5, 0, 0 ]
11 / 20: [ 3, 6, 0, 0, 0 ], [ 0, 6, 0, 0 ]
12 / 20: [ 3, 4, 0, 0, 0 ], [ 0, 6, 0, 0 ]
13 / 20: [ 3, 4, 2, 0, 0 ], [ 0, 6, 1, 0 ]
14 / 20: [ 3, 2, 0, 0, 0 ], [ 0, 6, 1, 0 ]
15 / 20: [ 3, 2, 0, 0, 0 ], [ 0, 6, 1, 0 ]
16 / 20: [ 3, 6, 0, 0, 0 ], [ 0, 7, 1, 0 ]
17 / 20: [ 3, 2, 0, 0, 0 ], [ 0, 7, 1, 0 ]
18 / 20: [ 3, 4, 0, 0, 0 ], [ 0, 7, 1, 0 ]
19 / 20: [ 3, 2, 0, 0, 0 ], [ 0, 7, 1, 0 ]
20 / 20: [ 3, 6, 0, 0, 0 ], [ 0, 8, 1, 0 ]
<[ 3, 6, 0, 0, 0 ], 8>
<[ 3, 1, 0, 0, 0 ], 2>
<[ 3, 4, 2, 0, 0 ], 1>
<[ 3, 4, 0, 0, 0 ], 4>
<[ 3, 2, 0, 0, 0 ], 5>